15
30
60
120
240
3840
7680
15360
30720
61440
983040
1966080
3932160
7864320
15728640
16843009
16909320
33686018
33818640
67372036
67637280
134480385
134744072
135274560
251658240
268960770
269488144
270549120
503316480
537921540
538976288
1006632960
1075843080
1077952576
2013265920
2151686160
2155905152
4026531840
4311810304
4328785920
8623620608
8657571840
17247241216
17315143680
34426978560
34494482432
34630287360
64424509440
68853957120
68988964864
69260574720
128849018880
137707914240
137977929728
257698037760
275415828480
275955859456
515396075520
550831656960
551911718912
1030792151040
1103823437824
1108169195520
2207646875648
2216338391040
4415293751296
4432676782080
8813306511360
8830587502592
8865353564160
16492674416640
17626613022720
17661175005184
17730707128320
32985348833280
35253226045440
35322350010368
65970697666560
70506452090880
70644700020736
131941395333120
141012904181760
141289400041472
263882790666240
282578800082944
283691314053120
565157600165888
567382628106240
1130315200331776
1134765256212480
2256206466908160
2260630400663552
2269530512424960
4222124650659840
4512412933816320
4521260801327104
4539061024849920
8444249301319680
9024825867632640
9042521602654208
16888498602639360
18049651735265280
18085043205308416
33776997205278720
36099303470530560
36170086410616832
67553994410557440
72340172821233664
72624976397598720
144680345642467328
145249952795197440
289360691284934656
290499905590394880
577588855528488960
578721382569869312
580999811180789760
1080863910568919040
1155177711056977920
1157442765139738624
1161999622361579520
2161727821137838080
2310355422113955840
2314885530279477248
4323455642275676160
4620710844227911680
4629771060558954496
8646911284551352320
9241421688455823360
9259542121117908992
17293822569102704640
